{
 "cells": [
  {
   "cell_type": "code",
   "execution_count": 1,
   "id": "b2b50e80",
   "metadata": {},
   "outputs": [],
   "source": [
    "import pandas as pd\n",
    "import numpy as np\n",
    "from sklearn.linear_model import LogisticRegression\n",
    "from sklearn.metrics import accuracy_score\n",
    "from sklearn.model_selection import train_test_split\n",
    "from sklearn.preprocessing import MinMaxScaler\n",
    "import plotly.express as px"
   ]
  },
  {
   "cell_type": "code",
   "execution_count": 2,
   "id": "e3a622c7",
   "metadata": {},
   "outputs": [],
   "source": [
    "df = pd.read_csv('Breast Cancer Wisconsin (Diagnostic) Data Set .csv')"
   ]
  },
  {
   "cell_type": "code",
   "execution_count": 3,
   "id": "bf75ccb7",
   "metadata": {},
   "outputs": [
    {
     "data": {
      "text/html": [
       "<div>\n",
       "<style scoped>\n",
       "    .dataframe tbody tr th:only-of-type {\n",
       "        vertical-align: middle;\n",
       "    }\n",
       "\n",
       "    .dataframe tbody tr th {\n",
       "        vertical-align: top;\n",
       "    }\n",
       "\n",
       "    .dataframe thead th {\n",
       "        text-align: right;\n",
       "    }\n",
       "</style>\n",
       "<table border=\"1\" class=\"dataframe\">\n",
       "  <thead>\n",
       "    <tr style=\"text-align: right;\">\n",
       "      <th></th>\n",
       "      <th>id</th>\n",
       "      <th>diagnosis</th>\n",
       "      <th>radius_mean</th>\n",
       "      <th>texture_mean</th>\n",
       "      <th>perimeter_mean</th>\n",
       "      <th>area_mean</th>\n",
       "      <th>smoothness_mean</th>\n",
       "      <th>compactness_mean</th>\n",
       "      <th>concavity_mean</th>\n",
       "      <th>concave points_mean</th>\n",
       "      <th>...</th>\n",
       "      <th>texture_worst</th>\n",
       "      <th>perimeter_worst</th>\n",
       "      <th>area_worst</th>\n",
       "      <th>smoothness_worst</th>\n",
       "      <th>compactness_worst</th>\n",
       "      <th>concavity_worst</th>\n",
       "      <th>concave points_worst</th>\n",
       "      <th>symmetry_worst</th>\n",
       "      <th>fractal_dimension_worst</th>\n",
       "      <th>Unnamed: 32</th>\n",
       "    </tr>\n",
       "  </thead>\n",
       "  <tbody>\n",
       "    <tr>\n",
       "      <th>0</th>\n",
       "      <td>842302</td>\n",
       "      <td>M</td>\n",
       "      <td>17.99</td>\n",
       "      <td>10.38</td>\n",
       "      <td>122.80</td>\n",
       "      <td>1001.0</td>\n",
       "      <td>0.11840</td>\n",
       "      <td>0.27760</td>\n",
       "      <td>0.3001</td>\n",
       "      <td>0.14710</td>\n",
       "      <td>...</td>\n",
       "      <td>17.33</td>\n",
       "      <td>184.60</td>\n",
       "      <td>2019.0</td>\n",
       "      <td>0.1622</td>\n",
       "      <td>0.6656</td>\n",
       "      <td>0.7119</td>\n",
       "      <td>0.2654</td>\n",
       "      <td>0.4601</td>\n",
       "      <td>0.11890</td>\n",
       "      <td>NaN</td>\n",
       "    </tr>\n",
       "    <tr>\n",
       "      <th>1</th>\n",
       "      <td>842517</td>\n",
       "      <td>M</td>\n",
       "      <td>20.57</td>\n",
       "      <td>17.77</td>\n",
       "      <td>132.90</td>\n",
       "      <td>1326.0</td>\n",
       "      <td>0.08474</td>\n",
       "      <td>0.07864</td>\n",
       "      <td>0.0869</td>\n",
       "      <td>0.07017</td>\n",
       "      <td>...</td>\n",
       "      <td>23.41</td>\n",
       "      <td>158.80</td>\n",
       "      <td>1956.0</td>\n",
       "      <td>0.1238</td>\n",
       "      <td>0.1866</td>\n",
       "      <td>0.2416</td>\n",
       "      <td>0.1860</td>\n",
       "      <td>0.2750</td>\n",
       "      <td>0.08902</td>\n",
       "      <td>NaN</td>\n",
       "    </tr>\n",
       "    <tr>\n",
       "      <th>2</th>\n",
       "      <td>84300903</td>\n",
       "      <td>M</td>\n",
       "      <td>19.69</td>\n",
       "      <td>21.25</td>\n",
       "      <td>130.00</td>\n",
       "      <td>1203.0</td>\n",
       "      <td>0.10960</td>\n",
       "      <td>0.15990</td>\n",
       "      <td>0.1974</td>\n",
       "      <td>0.12790</td>\n",
       "      <td>...</td>\n",
       "      <td>25.53</td>\n",
       "      <td>152.50</td>\n",
       "      <td>1709.0</td>\n",
       "      <td>0.1444</td>\n",
       "      <td>0.4245</td>\n",
       "      <td>0.4504</td>\n",
       "      <td>0.2430</td>\n",
       "      <td>0.3613</td>\n",
       "      <td>0.08758</td>\n",
       "      <td>NaN</td>\n",
       "    </tr>\n",
       "    <tr>\n",
       "      <th>3</th>\n",
       "      <td>84348301</td>\n",
       "      <td>M</td>\n",
       "      <td>11.42</td>\n",
       "      <td>20.38</td>\n",
       "      <td>77.58</td>\n",
       "      <td>386.1</td>\n",
       "      <td>0.14250</td>\n",
       "      <td>0.28390</td>\n",
       "      <td>0.2414</td>\n",
       "      <td>0.10520</td>\n",
       "      <td>...</td>\n",
       "      <td>26.50</td>\n",
       "      <td>98.87</td>\n",
       "      <td>567.7</td>\n",
       "      <td>0.2098</td>\n",
       "      <td>0.8663</td>\n",
       "      <td>0.6869</td>\n",
       "      <td>0.2575</td>\n",
       "      <td>0.6638</td>\n",
       "      <td>0.17300</td>\n",
       "      <td>NaN</td>\n",
       "    </tr>\n",
       "    <tr>\n",
       "      <th>4</th>\n",
       "      <td>84358402</td>\n",
       "      <td>M</td>\n",
       "      <td>20.29</td>\n",
       "      <td>14.34</td>\n",
       "      <td>135.10</td>\n",
       "      <td>1297.0</td>\n",
       "      <td>0.10030</td>\n",
       "      <td>0.13280</td>\n",
       "      <td>0.1980</td>\n",
       "      <td>0.10430</td>\n",
       "      <td>...</td>\n",
       "      <td>16.67</td>\n",
       "      <td>152.20</td>\n",
       "      <td>1575.0</td>\n",
       "      <td>0.1374</td>\n",
       "      <td>0.2050</td>\n",
       "      <td>0.4000</td>\n",
       "      <td>0.1625</td>\n",
       "      <td>0.2364</td>\n",
       "      <td>0.07678</td>\n",
       "      <td>NaN</td>\n",
       "    </tr>\n",
       "  </tbody>\n",
       "</table>\n",
       "<p>5 rows × 33 columns</p>\n",
       "</div>"
      ],
      "text/plain": [
       "         id diagnosis  radius_mean  texture_mean  perimeter_mean  area_mean  \\\n",
       "0    842302         M        17.99         10.38          122.80     1001.0   \n",
       "1    842517         M        20.57         17.77          132.90     1326.0   \n",
       "2  84300903         M        19.69         21.25          130.00     1203.0   \n",
       "3  84348301         M        11.42         20.38           77.58      386.1   \n",
       "4  84358402         M        20.29         14.34          135.10     1297.0   \n",
       "\n",
       "   smoothness_mean  compactness_mean  concavity_mean  concave points_mean  \\\n",
       "0          0.11840           0.27760          0.3001              0.14710   \n",
       "1          0.08474           0.07864          0.0869              0.07017   \n",
       "2          0.10960           0.15990          0.1974              0.12790   \n",
       "3          0.14250           0.28390          0.2414              0.10520   \n",
       "4          0.10030           0.13280          0.1980              0.10430   \n",
       "\n",
       "   ...  texture_worst  perimeter_worst  area_worst  smoothness_worst  \\\n",
       "0  ...          17.33           184.60      2019.0            0.1622   \n",
       "1  ...          23.41           158.80      1956.0            0.1238   \n",
       "2  ...          25.53           152.50      1709.0            0.1444   \n",
       "3  ...          26.50            98.87       567.7            0.2098   \n",
       "4  ...          16.67           152.20      1575.0            0.1374   \n",
       "\n",
       "   compactness_worst  concavity_worst  concave points_worst  symmetry_worst  \\\n",
       "0             0.6656           0.7119                0.2654          0.4601   \n",
       "1             0.1866           0.2416                0.1860          0.2750   \n",
       "2             0.4245           0.4504                0.2430          0.3613   \n",
       "3             0.8663           0.6869                0.2575          0.6638   \n",
       "4             0.2050           0.4000                0.1625          0.2364   \n",
       "\n",
       "   fractal_dimension_worst  Unnamed: 32  \n",
       "0                  0.11890          NaN  \n",
       "1                  0.08902          NaN  \n",
       "2                  0.08758          NaN  \n",
       "3                  0.17300          NaN  \n",
       "4                  0.07678          NaN  \n",
       "\n",
       "[5 rows x 33 columns]"
      ]
     },
     "execution_count": 3,
     "metadata": {},
     "output_type": "execute_result"
    }
   ],
   "source": [
    "df.head()"
   ]
  },
  {
   "cell_type": "code",
   "execution_count": 4,
   "id": "0a9f2bc2",
   "metadata": {},
   "outputs": [],
   "source": [
    "df.drop(columns= ['Unnamed: 32'], inplace= True)"
   ]
  },
  {
   "cell_type": "code",
   "execution_count": 5,
   "id": "b6fcc728",
   "metadata": {},
   "outputs": [
    {
     "data": {
      "text/html": [
       "<div>\n",
       "<style scoped>\n",
       "    .dataframe tbody tr th:only-of-type {\n",
       "        vertical-align: middle;\n",
       "    }\n",
       "\n",
       "    .dataframe tbody tr th {\n",
       "        vertical-align: top;\n",
       "    }\n",
       "\n",
       "    .dataframe thead th {\n",
       "        text-align: right;\n",
       "    }\n",
       "</style>\n",
       "<table border=\"1\" class=\"dataframe\">\n",
       "  <thead>\n",
       "    <tr style=\"text-align: right;\">\n",
       "      <th></th>\n",
       "      <th>id</th>\n",
       "      <th>diagnosis</th>\n",
       "      <th>radius_mean</th>\n",
       "      <th>texture_mean</th>\n",
       "      <th>perimeter_mean</th>\n",
       "      <th>area_mean</th>\n",
       "      <th>smoothness_mean</th>\n",
       "      <th>compactness_mean</th>\n",
       "      <th>concavity_mean</th>\n",
       "      <th>concave points_mean</th>\n",
       "      <th>...</th>\n",
       "      <th>radius_worst</th>\n",
       "      <th>texture_worst</th>\n",
       "      <th>perimeter_worst</th>\n",
       "      <th>area_worst</th>\n",
       "      <th>smoothness_worst</th>\n",
       "      <th>compactness_worst</th>\n",
       "      <th>concavity_worst</th>\n",
       "      <th>concave points_worst</th>\n",
       "      <th>symmetry_worst</th>\n",
       "      <th>fractal_dimension_worst</th>\n",
       "    </tr>\n",
       "  </thead>\n",
       "  <tbody>\n",
       "    <tr>\n",
       "      <th>0</th>\n",
       "      <td>842302</td>\n",
       "      <td>M</td>\n",
       "      <td>17.99</td>\n",
       "      <td>10.38</td>\n",
       "      <td>122.80</td>\n",
       "      <td>1001.0</td>\n",
       "      <td>0.11840</td>\n",
       "      <td>0.27760</td>\n",
       "      <td>0.3001</td>\n",
       "      <td>0.14710</td>\n",
       "      <td>...</td>\n",
       "      <td>25.38</td>\n",
       "      <td>17.33</td>\n",
       "      <td>184.60</td>\n",
       "      <td>2019.0</td>\n",
       "      <td>0.1622</td>\n",
       "      <td>0.6656</td>\n",
       "      <td>0.7119</td>\n",
       "      <td>0.2654</td>\n",
       "      <td>0.4601</td>\n",
       "      <td>0.11890</td>\n",
       "    </tr>\n",
       "    <tr>\n",
       "      <th>1</th>\n",
       "      <td>842517</td>\n",
       "      <td>M</td>\n",
       "      <td>20.57</td>\n",
       "      <td>17.77</td>\n",
       "      <td>132.90</td>\n",
       "      <td>1326.0</td>\n",
       "      <td>0.08474</td>\n",
       "      <td>0.07864</td>\n",
       "      <td>0.0869</td>\n",
       "      <td>0.07017</td>\n",
       "      <td>...</td>\n",
       "      <td>24.99</td>\n",
       "      <td>23.41</td>\n",
       "      <td>158.80</td>\n",
       "      <td>1956.0</td>\n",
       "      <td>0.1238</td>\n",
       "      <td>0.1866</td>\n",
       "      <td>0.2416</td>\n",
       "      <td>0.1860</td>\n",
       "      <td>0.2750</td>\n",
       "      <td>0.08902</td>\n",
       "    </tr>\n",
       "    <tr>\n",
       "      <th>2</th>\n",
       "      <td>84300903</td>\n",
       "      <td>M</td>\n",
       "      <td>19.69</td>\n",
       "      <td>21.25</td>\n",
       "      <td>130.00</td>\n",
       "      <td>1203.0</td>\n",
       "      <td>0.10960</td>\n",
       "      <td>0.15990</td>\n",
       "      <td>0.1974</td>\n",
       "      <td>0.12790</td>\n",
       "      <td>...</td>\n",
       "      <td>23.57</td>\n",
       "      <td>25.53</td>\n",
       "      <td>152.50</td>\n",
       "      <td>1709.0</td>\n",
       "      <td>0.1444</td>\n",
       "      <td>0.4245</td>\n",
       "      <td>0.4504</td>\n",
       "      <td>0.2430</td>\n",
       "      <td>0.3613</td>\n",
       "      <td>0.08758</td>\n",
       "    </tr>\n",
       "    <tr>\n",
       "      <th>3</th>\n",
       "      <td>84348301</td>\n",
       "      <td>M</td>\n",
       "      <td>11.42</td>\n",
       "      <td>20.38</td>\n",
       "      <td>77.58</td>\n",
       "      <td>386.1</td>\n",
       "      <td>0.14250</td>\n",
       "      <td>0.28390</td>\n",
       "      <td>0.2414</td>\n",
       "      <td>0.10520</td>\n",
       "      <td>...</td>\n",
       "      <td>14.91</td>\n",
       "      <td>26.50</td>\n",
       "      <td>98.87</td>\n",
       "      <td>567.7</td>\n",
       "      <td>0.2098</td>\n",
       "      <td>0.8663</td>\n",
       "      <td>0.6869</td>\n",
       "      <td>0.2575</td>\n",
       "      <td>0.6638</td>\n",
       "      <td>0.17300</td>\n",
       "    </tr>\n",
       "    <tr>\n",
       "      <th>4</th>\n",
       "      <td>84358402</td>\n",
       "      <td>M</td>\n",
       "      <td>20.29</td>\n",
       "      <td>14.34</td>\n",
       "      <td>135.10</td>\n",
       "      <td>1297.0</td>\n",
       "      <td>0.10030</td>\n",
       "      <td>0.13280</td>\n",
       "      <td>0.1980</td>\n",
       "      <td>0.10430</td>\n",
       "      <td>...</td>\n",
       "      <td>22.54</td>\n",
       "      <td>16.67</td>\n",
       "      <td>152.20</td>\n",
       "      <td>1575.0</td>\n",
       "      <td>0.1374</td>\n",
       "      <td>0.2050</td>\n",
       "      <td>0.4000</td>\n",
       "      <td>0.1625</td>\n",
       "      <td>0.2364</td>\n",
       "      <td>0.07678</td>\n",
       "    </tr>\n",
       "  </tbody>\n",
       "</table>\n",
       "<p>5 rows × 32 columns</p>\n",
       "</div>"
      ],
      "text/plain": [
       "         id diagnosis  radius_mean  texture_mean  perimeter_mean  area_mean  \\\n",
       "0    842302         M        17.99         10.38          122.80     1001.0   \n",
       "1    842517         M        20.57         17.77          132.90     1326.0   \n",
       "2  84300903         M        19.69         21.25          130.00     1203.0   \n",
       "3  84348301         M        11.42         20.38           77.58      386.1   \n",
       "4  84358402         M        20.29         14.34          135.10     1297.0   \n",
       "\n",
       "   smoothness_mean  compactness_mean  concavity_mean  concave points_mean  \\\n",
       "0          0.11840           0.27760          0.3001              0.14710   \n",
       "1          0.08474           0.07864          0.0869              0.07017   \n",
       "2          0.10960           0.15990          0.1974              0.12790   \n",
       "3          0.14250           0.28390          0.2414              0.10520   \n",
       "4          0.10030           0.13280          0.1980              0.10430   \n",
       "\n",
       "   ...  radius_worst  texture_worst  perimeter_worst  area_worst  \\\n",
       "0  ...         25.38          17.33           184.60      2019.0   \n",
       "1  ...         24.99          23.41           158.80      1956.0   \n",
       "2  ...         23.57          25.53           152.50      1709.0   \n",
       "3  ...         14.91          26.50            98.87       567.7   \n",
       "4  ...         22.54          16.67           152.20      1575.0   \n",
       "\n",
       "   smoothness_worst  compactness_worst  concavity_worst  concave points_worst  \\\n",
       "0            0.1622             0.6656           0.7119                0.2654   \n",
       "1            0.1238             0.1866           0.2416                0.1860   \n",
       "2            0.1444             0.4245           0.4504                0.2430   \n",
       "3            0.2098             0.8663           0.6869                0.2575   \n",
       "4            0.1374             0.2050           0.4000                0.1625   \n",
       "\n",
       "   symmetry_worst  fractal_dimension_worst  \n",
       "0          0.4601                  0.11890  \n",
       "1          0.2750                  0.08902  \n",
       "2          0.3613                  0.08758  \n",
       "3          0.6638                  0.17300  \n",
       "4          0.2364                  0.07678  \n",
       "\n",
       "[5 rows x 32 columns]"
      ]
     },
     "execution_count": 5,
     "metadata": {},
     "output_type": "execute_result"
    }
   ],
   "source": [
    "df.head()"
   ]
  },
  {
   "cell_type": "code",
   "execution_count": 6,
   "id": "93ce604a",
   "metadata": {},
   "outputs": [
    {
     "data": {
      "text/plain": [
       "0"
      ]
     },
     "execution_count": 6,
     "metadata": {},
     "output_type": "execute_result"
    }
   ],
   "source": [
    "df.duplicated().sum()"
   ]
  },
  {
   "cell_type": "code",
   "execution_count": 7,
   "id": "8f52142e",
   "metadata": {},
   "outputs": [
    {
     "name": "stdout",
     "output_type": "stream",
     "text": [
      "<class 'pandas.core.frame.DataFrame'>\n",
      "RangeIndex: 569 entries, 0 to 568\n",
      "Data columns (total 32 columns):\n",
      " #   Column                   Non-Null Count  Dtype  \n",
      "---  ------                   --------------  -----  \n",
      " 0   id                       569 non-null    int64  \n",
      " 1   diagnosis                569 non-null    object \n",
      " 2   radius_mean              569 non-null    float64\n",
      " 3   texture_mean             569 non-null    float64\n",
      " 4   perimeter_mean           569 non-null    float64\n",
      " 5   area_mean                569 non-null    float64\n",
      " 6   smoothness_mean          569 non-null    float64\n",
      " 7   compactness_mean         569 non-null    float64\n",
      " 8   concavity_mean           569 non-null    float64\n",
      " 9   concave points_mean      569 non-null    float64\n",
      " 10  symmetry_mean            569 non-null    float64\n",
      " 11  fractal_dimension_mean   569 non-null    float64\n",
      " 12  radius_se                569 non-null    float64\n",
      " 13  texture_se               569 non-null    float64\n",
      " 14  perimeter_se             569 non-null    float64\n",
      " 15  area_se                  569 non-null    float64\n",
      " 16  smoothness_se            569 non-null    float64\n",
      " 17  compactness_se           569 non-null    float64\n",
      " 18  concavity_se             569 non-null    float64\n",
      " 19  concave points_se        569 non-null    float64\n",
      " 20  symmetry_se              569 non-null    float64\n",
      " 21  fractal_dimension_se     569 non-null    float64\n",
      " 22  radius_worst             569 non-null    float64\n",
      " 23  texture_worst            569 non-null    float64\n",
      " 24  perimeter_worst          569 non-null    float64\n",
      " 25  area_worst               569 non-null    float64\n",
      " 26  smoothness_worst         569 non-null    float64\n",
      " 27  compactness_worst        569 non-null    float64\n",
      " 28  concavity_worst          569 non-null    float64\n",
      " 29  concave points_worst     569 non-null    float64\n",
      " 30  symmetry_worst           569 non-null    float64\n",
      " 31  fractal_dimension_worst  569 non-null    float64\n",
      "dtypes: float64(30), int64(1), object(1)\n",
      "memory usage: 142.4+ KB\n"
     ]
    }
   ],
   "source": [
    "df.info()"
   ]
  },
  {
   "cell_type": "code",
   "execution_count": 8,
   "id": "9f0efbb9",
   "metadata": {},
   "outputs": [],
   "source": [
    "df.drop(columns= ['id'], inplace = True)"
   ]
  },
  {
   "cell_type": "code",
   "execution_count": 12,
   "id": "c07f6868",
   "metadata": {},
   "outputs": [
    {
     "data": {
      "application/vnd.plotly.v1+json": {
       "config": {
        "plotlyServerURL": "https://plot.ly"
       },
       "data": [
        {
         "coloraxis": "coloraxis",
         "hovertemplate": "x: %{x}<br>y: %{y}<br>color: %{z}<extra></extra>",
         "name": "0",
         "texttemplate": "%{z}",
         "type": "heatmap",
         "x": [
          "texture_mean",
          "area_mean",
          "smoothness_mean",
          "compactness_mean",
          "concavity_mean",
          "concave points_mean",
          "symmetry_mean",
          "fractal_dimension_mean",
          "radius_se",
          "texture_se",
          "perimeter_se",
          "area_se",
          "smoothness_se",
          "compactness_se",
          "concavity_se",
          "concave points_se",
          "symmetry_se",
          "fractal_dimension_se",
          "radius_worst",
          "texture_worst",
          "perimeter_worst",
          "area_worst",
          "smoothness_worst",
          "compactness_worst",
          "concavity_worst",
          "concave points_worst",
          "symmetry_worst",
          "fractal_dimension_worst"
         ],
         "xaxis": "x",
         "y": [
          "texture_mean",
          "area_mean",
          "smoothness_mean",
          "compactness_mean",
          "concavity_mean",
          "concave points_mean",
          "symmetry_mean",
          "fractal_dimension_mean",
          "radius_se",
          "texture_se",
          "perimeter_se",
          "area_se",
          "smoothness_se",
          "compactness_se",
          "concavity_se",
          "concave points_se",
          "symmetry_se",
          "fractal_dimension_se",
          "radius_worst",
          "texture_worst",
          "perimeter_worst",
          "area_worst",
          "smoothness_worst",
          "compactness_worst",
          "concavity_worst",
          "concave points_worst",
          "symmetry_worst",
          "fractal_dimension_worst"
         ],
         "yaxis": "y",
         "z": [
          [
           1,
           0.32108569608020704,
           -0.023388515998423325,
           0.236702222074372,
           0.30241782794389144,
           0.29346405131394276,
           0.07140098048331764,
           -0.07643718344813423,
           0.27586867617376243,
           0.3863576227244906,
           0.28167311478720275,
           0.2598449866100985,
           0.006613777353585514,
           0.19197461132396684,
           0.14329307656049867,
           0.16385102528521822,
           0.009127167755035895,
           0.054457519568933854,
           0.35257294715029586,
           0.912044588840421,
           0.35803957505322415,
           0.3435459471864696,
           0.077503358822129,
           0.2778295924789794,
           0.30102522381649116,
           0.2953158433377364,
           0.10500791031597205,
           0.11920535139708567
          ],
          [
           0.32108569608020704,
           1,
           0.1770283772540016,
           0.49850168215241186,
           0.6859828285519112,
           0.8232688686524342,
           0.15129307903511224,
           -0.2831098116914261,
           0.7325622269972968,
           -0.06628021360457731,
           0.7266283277906844,
           0.8000859212343201,
           -0.1667766666011128,
           0.21258255077923266,
           0.20766006048256927,
           0.3723202823307104,
           -0.07249658821176244,
           -0.019886963235068042,
           0.9627460860470841,
           0.287488627121397,
           0.9591195743552645,
           0.9592133256498998,
           0.12352293875557084,
           0.39041030924249864,
           0.5126059204433239,
           0.7220166262603579,
           0.1435699138890717,
           0.003737597351571729
          ],
          [
           -0.023388515998423325,
           0.1770283772540016,
           1,
           0.6591232152159234,
           0.52198376771426,
           0.5536951727437609,
           0.5577747880728878,
           0.5847920019499775,
           0.30146709825316975,
           0.06840644817118251,
           0.29609193289351476,
           0.24655243166573562,
           0.3323754426475922,
           0.31894329670537874,
           0.24839567988255598,
           0.38067569098328613,
           0.20077437592048314,
           0.2836066985468851,
           0.21312014189594916,
           0.03607179878564654,
           0.23885262620915101,
           0.20671836342857688,
           0.8053241954943627,
           0.4724684437304436,
           0.4349257147250878,
           0.503053353298951,
           0.39430948181175646,
           0.4993163685937669
          ],
          [
           0.236702222074372,
           0.49850168215241186,
           0.6591232152159234,
           1,
           0.8831206701772507,
           0.831135043133698,
           0.6026410484055158,
           0.565368663414522,
           0.49747344608506183,
           0.04620483071640705,
           0.5489052645888235,
           0.45565285198788846,
           0.13529926770047143,
           0.7387217896603929,
           0.5705168714898889,
           0.642261850971647,
           0.22997659080143223,
           0.5073181269004216,
           0.5353153982176662,
           0.2481328332774173,
           0.590210427731298,
           0.50960380555792,
           0.5655411663750888,
           0.8658090398022629,
           0.8162752498000281,
           0.8155732235690644,
           0.5102234299218061,
           0.6873823227538974
          ],
          [
           0.30241782794389144,
           0.6859828285519112,
           0.52198376771426,
           0.8831206701772507,
           1,
           0.9213910263788588,
           0.5006666171419609,
           0.33678335942118504,
           0.6319248221414899,
           0.07621834813534026,
           0.6603907872419604,
           0.6174268058452413,
           0.09856374579911734,
           0.6702788246430194,
           0.6912702075448502,
           0.6832599165123261,
           0.17800920792087752,
           0.4493007490503378,
           0.6882364076436722,
           0.2998788887096908,
           0.7295649165132018,
           0.6759872313060872,
           0.44882203840476004,
           0.7549680159063962,
           0.8841026390943817,
           0.861323033637951,
           0.4094641265399853,
           0.5149298906363856
          ],
          [
           0.29346405131394276,
           0.8232688686524342,
           0.5536951727437609,
           0.831135043133698,
           0.9213910263788588,
           1,
           0.4624973883673585,
           0.1669173832269923,
           0.6980498335607404,
           0.021479581923401776,
           0.710649871613898,
           0.6902985397595536,
           0.027653308387136005,
           0.49042424959357145,
           0.43916706847426173,
           0.6156341308969191,
           0.09535078688667675,
           0.2575837462430327,
           0.8303176311186159,
           0.2927517130015173,
           0.8559231281343119,
           0.809629619909618,
           0.4527530541790488,
           0.6674536768257124,
           0.7523994975749643,
           0.9101553142985918,
           0.3757441454236111,
           0.36866113371677106
          ],
          [
           0.07140098048331764,
           0.15129307903511224,
           0.5577747880728878,
           0.6026410484055158,
           0.5006666171419609,
           0.4624973883673585,
           1,
           0.47992133005096926,
           0.30337926320726244,
           0.1280529263402561,
           0.3138927607965131,
           0.22397021941762965,
           0.18732116526139078,
           0.4216591470050108,
           0.3426270230777206,
           0.39329787208901684,
           0.44913654239342854,
           0.3317861462731239,
           0.18572775349568738,
           0.0906506881166432,
           0.21916855911105818,
           0.1771933773740968,
           0.4266750263849464,
           0.4732000132446185,
           0.433721007590172,
           0.4302966114579543,
           0.6998257976437302,
           0.4384134984446025
          ],
          [
           -0.07643718344813423,
           -0.2831098116914261,
           0.5847920019499775,
           0.565368663414522,
           0.33678335942118504,
           0.1669173832269923,
           0.47992133005096926,
           1,
           0.0001109950726296278,
           0.16417396587172883,
           0.03982993157204734,
           -0.09017024752042703,
           0.4019644254484126,
           0.5598366906211326,
           0.44663032169957156,
           0.34119804439711815,
           0.34500739714372797,
           0.6881315774585519,
           -0.25369149487660986,
           -0.05126920203676535,
           -0.20515121126277344,
           -0.2318544511675603,
           0.5049420753517612,
           0.4587981566678596,
           0.3462338763480676,
           0.17532544924324475,
           0.3340186838510839,
           0.7672967792384361
          ],
          [
           0.27586867617376243,
           0.7325622269972968,
           0.30146709825316975,
           0.49747344608506183,
           0.6319248221414899,
           0.6980498335607404,
           0.30337926320726244,
           0.0001109950726296278,
           1,
           0.21324733725115802,
           0.9727936770160764,
           0.951830112110991,
           0.16451421981281164,
           0.35606457553220283,
           0.3323575376076105,
           0.5133464414367649,
           0.24056736245007102,
           0.22775353267198026,
           0.715065195135185,
           0.19479855683425132,
           0.7196838036650044,
           0.7515484761266196,
           0.14191855291860658,
           0.28710316560074034,
           0.38058463462872194,
           0.5310623278216046,
           0.09454283035438187,
           0.049559432464573124
          ],
          [
           0.3863576227244906,
           -0.06628021360457731,
           0.06840644817118251,
           0.04620483071640705,
           0.07621834813534026,
           0.021479581923401776,
           0.1280529263402561,
           0.16417396587172883,
           0.21324733725115802,
           1,
           0.223170728630714,
           0.11156724721803947,
           0.3972428526412099,
           0.2316996989762371,
           0.19499846445881905,
           0.2302833995570338,
           0.41162068019753933,
           0.2797227477191938,
           -0.11169031312493002,
           0.4090027663153059,
           -0.10224192188743278,
           -0.08319498858504636,
           -0.07365765910118513,
           -0.09243935361819372,
           -0.06895622054645592,
           -0.11963752313984607,
           -0.12821475779252947,
           -0.045654568593207025
          ],
          [
           0.28167311478720275,
           0.7266283277906844,
           0.29609193289351476,
           0.5489052645888235,
           0.6603907872419604,
           0.710649871613898,
           0.3138927607965131,
           0.03982993157204734,
           0.9727936770160764,
           0.223170728630714,
           1,
           0.9376554069544157,
           0.15107533120841296,
           0.41632236799246164,
           0.3624815822704489,
           0.5562640836543961,
           0.2664870918640224,
           0.24414277341628535,
           0.6972005927206456,
           0.2003708539594511,
           0.7210313099890175,
           0.7307129731302829,
           0.1300543919910096,
           0.3419194453712055,
           0.4188988157305714,
           0.5548972306282103,
           0.1099304342313503,
           0.0854325720566574
          ],
          [
           0.2598449866100985,
           0.8000859212343201,
           0.24655243166573562,
           0.45565285198788846,
           0.6174268058452413,
           0.6902985397595536,
           0.22397021941762965,
           -0.09017024752042703,
           0.951830112110991,
           0.11156724721803947,
           0.9376554069544157,
           1,
           0.07515033812199375,
           0.28484005654116107,
           0.270894726190632,
           0.4157295683714005,
           0.1341089796924749,
           0.12707090297801246,
           0.7573731889240164,
           0.19649664907281025,
           0.7612126360687592,
           0.8114079609317274,
           0.12538943051609117,
           0.28325653753745555,
           0.38510013559852924,
           0.5381663138957359,
           0.07412629159952816,
           0.017539295132385505
          ],
          [
           0.006613777353585514,
           -0.1667766666011128,
           0.3323754426475922,
           0.13529926770047143,
           0.09856374579911734,
           0.027653308387136005,
           0.18732116526139078,
           0.4019644254484126,
           0.16451421981281164,
           0.3972428526412099,
           0.15107533120841296,
           0.07515033812199375,
           1,
           0.33669608050544514,
           0.2686847598722627,
           0.3284294991096789,
           0.4135061252078973,
           0.4273742067231582,
           -0.2306907098451477,
           -0.07474296487675623,
           -0.21730375458186166,
           -0.182195478059099,
           0.31445745598082797,
           -0.05555813871505085,
           -0.05829838674344549,
           -0.10200679633746537,
           -0.10734209778914477,
           0.10148031504252508
          ],
          [
           0.19197461132396684,
           0.21258255077923266,
           0.31894329670537874,
           0.7387217896603929,
           0.6702788246430194,
           0.49042424959357145,
           0.4216591470050108,
           0.5598366906211326,
           0.35606457553220283,
           0.2316996989762371,
           0.41632236799246164,
           0.28484005654116107,
           0.33669608050544514,
           1,
           0.8012683427383291,
           0.7440826676953253,
           0.3947128347620316,
           0.8032688176617679,
           0.20460716594748168,
           0.1430025832957166,
           0.26051583964720865,
           0.19937132909101393,
           0.22739423230542308,
           0.6787803543724954,
           0.6391466977559193,
           0.48320832682561315,
           0.277878430714635,
           0.5909727625047895
          ],
          [
           0.14329307656049867,
           0.20766006048256927,
           0.24839567988255598,
           0.5705168714898889,
           0.6912702075448502,
           0.43916706847426173,
           0.3426270230777206,
           0.44663032169957156,
           0.3323575376076105,
           0.19499846445881905,
           0.3624815822704489,
           0.270894726190632,
           0.2686847598722627,
           0.8012683427383291,
           1,
           0.7718039949238469,
           0.30942857798445156,
           0.727372183881192,
           0.1869035156858978,
           0.10024098374834615,
           0.22668042559090154,
           0.18835265208953067,
           0.16848132079136754,
           0.4848578006864688,
           0.6625641337427411,
           0.44047226304622294,
           0.19778782186141097,
           0.43932926857579074
          ],
          [
           0.16385102528521822,
           0.3723202823307104,
           0.38067569098328613,
           0.642261850971647,
           0.6832599165123261,
           0.6156341308969191,
           0.39329787208901684,
           0.34119804439711815,
           0.5133464414367649,
           0.2302833995570338,
           0.5562640836543961,
           0.4157295683714005,
           0.3284294991096789,
           0.7440826676953253,
           0.7718039949238469,
           1,
           0.3127802232097334,
           0.611044139380723,
           0.3581266692410426,
           0.08674120994286846,
           0.3949992517741845,
           0.3422711620926815,
           0.21535059681593355,
           0.4528883773698806,
           0.5495923752351922,
           0.6024496059209876,
           0.14311566863305003,
           0.31065455149383064
          ],
          [
           0.009127167755035895,
           -0.07249658821176244,
           0.20077437592048314,
           0.22997659080143223,
           0.17800920792087752,
           0.09535078688667675,
           0.44913654239342854,
           0.34500739714372797,
           0.24056736245007102,
           0.41162068019753933,
           0.2664870918640224,
           0.1341089796924749,
           0.4135061252078973,
           0.3947128347620316,
           0.30942857798445156,
           0.3127802232097334,
           1,
           0.3690780833657291,
           -0.1281207690727424,
           -0.0774734201840788,
           -0.10375304384332498,
           -0.11034274289549834,
           -0.012661799565908998,
           0.06025487946536686,
           0.03711904859992839,
           -0.03041339642360094,
           0.38940248488464646,
           0.07807947627266758
          ],
          [
           0.054457519568933854,
           -0.019886963235068042,
           0.2836066985468851,
           0.5073181269004216,
           0.4493007490503378,
           0.2575837462430327,
           0.3317861462731239,
           0.6881315774585519,
           0.22775353267198026,
           0.2797227477191938,
           0.24414277341628535,
           0.12707090297801246,
           0.4273742067231582,
           0.8032688176617679,
           0.727372183881192,
           0.611044139380723,
           0.3690780833657291,
           1,
           -0.037487617862673565,
           -0.0031950288680895906,
           -0.0010003976259669379,
           -0.022736147308900636,
           0.17056831595314176,
           0.39015884208667484,
           0.3799746614570792,
           0.21520401331002892,
           0.11109395575572399,
           0.5913280656608751
          ],
          [
           0.35257294715029586,
           0.9627460860470841,
           0.21312014189594916,
           0.5353153982176662,
           0.6882364076436722,
           0.8303176311186159,
           0.18572775349568738,
           -0.25369149487660986,
           0.715065195135185,
           -0.11169031312493002,
           0.6972005927206456,
           0.7573731889240164,
           -0.2306907098451477,
           0.20460716594748168,
           0.1869035156858978,
           0.3581266692410426,
           -0.1281207690727424,
           -0.037487617862673565,
           1,
           0.3599207542210483,
           0.993707916102949,
           0.9840145644590742,
           0.21657443125969564,
           0.47582003746014645,
           0.5739747080993033,
           0.7874238517122407,
           0.2435292042913138,
           0.09349197867930178
          ],
          [
           0.912044588840421,
           0.287488627121397,
           0.03607179878564654,
